Covariance matrix for statistic d and kernel RBF anisotropic :
[[2.94887546e-06 2.81179735e-06 2.73828094e-06 3.77395905e-06]
 [2.81179735e-06 3.33119323e-06 2.75676393e-06 3.17818078e-06]
 [2.73828094e-06 2.75676393e-06 2.85847773e-06 2.79471665e-06]
 [3.77395905e-06 3.17818078e-06 2.79471665e-06 1.09281215e-05]]
determinant : 2.43 * 10**(-24)
determinant de la diagonale : 307.08 * 10**(-24)
Covariance matrix for statistic l and kernel Matern32 anisotropic :
[[1.08522668e-04 7.62587216e-05 8.07518393e-05 1.35860391e-04 1.25072074e-04]
 [7.62587216e-05 2.28725367e-04 1.94030670e-04 2.10110567e-04 2.64733508e-04]
 [8.07518393e-05 1.94030670e-04 2.08016512e-04 2.75788437e-04 3.17243962e-04]
 [1.35860391e-04 2.10110567e-04 2.75788437e-04 6.39249773e-04 6.84558541e-04]
 [1.25072074e-04 2.64733508e-04 3.17243962e-04 6.84558541e-04 9.69147167e-04]]
Covariance matrix for statistic b and kernel RBF anisotropic :
[[2.13624214e-04 9.39396032e-05 1.34152605e-04 1.12242013e-04 8.48241182e-05]
 [9.39396032e-05 1.31829954e-04 8.37775553e-05 8.30042316e-05 2.85850457e-05]
 [1.34152605e-04 8.37775553e-05 1.51745549e-04 1.05521089e-04 8.67575210e-05]
 [1.12242013e-04 8.30042316e-05 1.05521089e-04 1.68259319e-04 9.00731300e-05]
 [8.48241182e-05 2.85850457e-05 8.67575210e-05 9.00731300e-05 2.23377169e-04]]
Covariance matrix for statistic s and kernel RBF anisotropic :
[[ 2.79400780e-05  1.15616699e-05  1.48641259e-06  1.18741995e-05 -5.79041287e-06]
 [ 1.15616699e-05  2.08774117e-05  2.78851895e-06  8.77554171e-06 -5.08658343e-06]
 [ 1.48641259e-06  2.78851895e-06  1.21048748e-05 -3.47228941e-06 -1.64621780e-06]
 [ 1.18741995e-05  8.77554171e-06 -3.47228941e-06  3.81833548e-05 7.06081031e-06]
 [-5.79041287e-06 -5.08658343e-06 -1.64621780e-06  7.06081031e-06 5.08722817e-05]]
determinant : 73.38 * 10**(-25)
determinant de la diagonale : 137.19 * 10**(-25)